(0,8,2) 
(48,209,138) (147,36,17) (138,55,44) (134,148,163) (157,50,70) (225,237,231) (98,54,243) (145,228,144) (164,76,202) (232,115,40) 
(201,202,123) (184,169,222) (135,176,246) (70,141,77) (79,221,160) (207,193,243) (119,198,226) (14,200,253) (136,112,129) (243,94,184) 
(114,115,85) (99,131,187) (117,40,135) (195,209,252) (135,81,249) (188,148,32) (83,32,105) (48,229,37) (177,114,169) (60,188,64) 
(233,10,165) (97,96,8) (115,7,68) (243,107,60) (98,97,11) (3,98,118) (47,199,220) (106,33,207) (17,202,168) (221,114,17) 
(176,26,54) (133,241,73) (29,83,17) (229,212,150) (83,102,84) (128,113,90) (59,40,40) (235,157,206) (171,219,246) (254,187,231) 
(220,215,217) (226,205,55) (169,126,254) (66,209,14) (131,118,189) (102,199,93) (234,158,116) (107,159,126) (220,209,142) (172,93,89) 
(250,149,249) (241,254,206) (255,61,220) (135,48,80) (20,60,127) (152,222,252) (239,211,61) (210,230,252) (239,173,131) (24,151,144) 
(46,32,72) (18,179,73) (234,130,190) (95,240,24) (22,171,72) (137,164,242) (198,128,44) (122,7,17) (63,53,206) (163,218,84) 
(200,1,232) (68,70,41) (76,254,201) (8,196,221) (33,69,84) (193,1,76) (55,2,14) (31,128,242) (78,93,43) (34,9,109) 
(220,173,181) (108,213,49) (121,182,65) (87,48,14) (119,87,154) (203,99,172) (45,57,155) (254,109,220) (17,91,175) (49,151,63) 
(48,28,210) (253,241,55) (217,9,226) (240,24,249) (241,145,167) (149,207,84) (243,168,236) (129,221,65) (131,235,76) (89,219,103) 
(140,250,195) (71,213,104) (203,12,9) (51,148,30) (233,148,149) (164,238,197) (112,120,161) (139,197,129) (78,184,169) (211,102,201) 
(142,241,101) (151,119,146) (200,7,20) (194,244,198) (36,130,130) (19,191,95) (229,52,65) (29,183,102) (173,86,3) (83,21,116) 
(181,208,154) (6,160,141) (192,52,203) (42,201,114) (107,182,232) (53,218,215) (77,2,153) (123,76,251) (3,207,201) (83,235,238) 
(199,191,196) (138,52,47) (248,236,28) (217,255,128) (220,201,51) (188,222,110) (106,161,87) (78,221,187) (122,40,235) (105,64,248) 
(250,86,155) (24,91,41) (121,58,71) (67,49,108) (153,209,83) (74,186,129) (22,201,84) (111,204,47) (26,4,204) (34,147,2) 
(245,148,177) (7,74,159) (92,85,83) (207,126,69) (129,123,59) (199,231,196) (41,11,52) (112,2,84) (13,254,35) (2,60,0) 
(14,38,162) (130,59,71) (36,130,219) (88,54,2) (179,233,13) (174,192,228) (123,110,251) (181,211,42) (157,165,21) (175,173,63) 
(159,123,203) (170,25,217) (174,26,204) (147,175,34) (251,226,10) (227,253,234) (140,246,127) (242,3,77) (51,223,111) (152,130,123) 
(231,254,142) (91,9,27) (124,158,235) (191,126,211) (210,244,102) (182,94,94) (93,61,139) (153,198,20) (61,29,163) (192,159,17) 
(140,144,140) (113,221,23) (36,134,171) (107,14,140) (117,175,24) (194,123,151) (101,127,110) (162,239,104) (227,222,23) (252,249,101) 
(202,140,19) (36,70,16) (113,128,223) (106,216,101) (120,25,106) (22,203,57) (104,116,249) (131,123,147) (156,195,169) (30,196,106) 
(250,212,19) (82,232,102) (255,35,47) (251,251,140) (91,31,231) (145,87,215) (245,117,200) (146,201,103) (237,14,219) (229,202,251) 
(158,220,191) (104,115,131) (215,42,51) (240,225,44) (238,215,229) (20,143,251) (45,119,140) (238,251,179) (237,246,185) (188,241,70) 
(113,144,215) (32,203,84) (116,142,246) (43,185,40) (210,55,229) (42,231,211) (11,190,207) (114,70,53) (205,199,201) (1,218,104) 
(218,142,33) (41,147,30) (34,180,199) (122,36,149) (65,60,4) (125,145,160) (75,134,69) (179,235,255) (87,59,98) (78,29,104) 
(192,155,187) (197,94,240) (238,60,189) (241,231,212) (221,156,99) (143,255,189) (100,222,174) (90,229,79) (252,22,0) (70,48,232) 
(68,207,49) (231,220,63) (58,104,237) (55,136,172) (237,0,123) (163,124,131) (137,37,110) (239,235,184) (96,64,103) (146,224,31) 
(81,135,226) (218,201,176) (247,215,96) (104,253,215) (224,197,219) (224,85,72) (153,45,114) (100,230,97) (134,66,186) (164,124,231) 
(102,2,180) (127,8,17) (49,96,137) (113,168,103) (84,49,210) (113,16,201) (252,51,226) (42,160,197) (12,82,168) (177,29,242) 
(128,180,18) (23,201,37) (115,73,106) (178,197,135) (91,193,0) (83,231,246) (246,59,230) (245,241,116) (228,99,87) (127,91,241) 
(165,121,97) (60,103,208) (32,222,12) (179,180,219) (191,247,19) (106,34,221) (115,60,157) (62,255,18) (71,34,255) (243,235,155) 
(245,127,74) (126,195,6) (131,111,179) (245,116,242) (171,14,186) (24,197,140) (19,224,128) (173,170,163) (37,27,32) (240,205,171) 
(112,194,180) (194,97,197) (126,196,64) (219,26,86) (74,174,119) (215,75,227) (93,114,15) (168,48,61) (64,200,190) (164,16,168) 
(60,70,16) (131,75,219) (8,226,169) (208,85,109) (138,224,15) (80,138,93) (123,255,152) (24,251,222) (77,251,97) (215,237,178) 
(179,54,121) (179,47,19) (122,184,222) (131,185,35) (100,127,35) (195,245,159) (40,4,181) (162,250,147) (168,212,169) (103,17,190) 
(15,255,198) (254,4,35) (53,6,208) (39,127,138) (250,68,95) (96,230,142) (71,215,132) (29,81,71) (76,0,12) (102,22,193) 
(119,110,153) (212,165,47) (253,27,141) (116,55,59) (40,28,176) (71,98,5) (47,251,243) (183,91,124) (39,89,10) (52,120,224) 
(129,164,58) (190,216,124) (62,134,206) (50,35,86) (42,63,44) (84,250,151) (40,99,206) (160,29,164) (138,189,236) (239,133,138) 
(76,171,171) (124,139,43) (200,46,139) (120,106,163) (143,207,163) (171,131,199) (58,189,87) (35,58,62) (135,87,231) (178,31,110) 
(234,244,63) (143,236,185) (143,46,211) (60,84,254) (207,237,187) (182,130,149) (57,243,106) (118,51,229) (171,202,61) (111,33,121) 
(26,200,188) (92,116,45) (62,132,39) (60,86,66) (193,108,164) (193,163,12) (106,208,192) (100,218,212) (77,178,82) (114,96,40) 
(17,212,251) (51,167,80) (50,173,5) (37,154,169) (147,163,43) (41,42,199) (45,57,248) (199,170,155) (2,11,1) (29,9,18) 
(162,61,114) (24,48,206) (241,100,117) (149,41,214) (121,23,137) (250,123,190) (11,115,152) (28,5,143) (15,19,27) (193,19,203) 
(99,180,130) (54,206,240) (221,114,103) (159,191,231) (4,7,234) (23,255,43) (83,175,218) (45,46,207) (235,163,162) (69,226,79) 
(215,85,182) (98,95,125) (239,132,216) (206,65,246) (5,204,240) (82,249,9) (65,58,234) (117,15,201) (79,101,155) (191,70,197) 
(236,26,225) (199,196,206) (163,50,145) (219,118,156) (248,56,68) (16,214,188) (102,53,230) (15,226,124) (196,184,10) (210,181,76) 
(99,153,197) (92,231,225) (150,30,210) (190,181,80) (34,84,95) (107,115,103) (189,253,19) (229,188,33) (35,78,186) (2,185,216) 
(226,115,82) (40,184,157) (233,104,10) (215,22,234) (182,82,50) (227,12,207) (51,105,100) (236,151,198) (252,186,2) (191,189,250) 
(205,159,189) (122,199,148) (133,104,79) (133,44,253) (116,130,145) (22,122,127) (110,27,11) (55,12,11) (137,3,93) (81,1,67) 
(12,231,128) (23,146,80) (192,52,205) (241,3,82) (45,120,75) (105,104,62) (113,131,171) (210,80,30) (163,11,161) (170,129,8) 
(134,179,145) (49,86,54) (129,98,183) (16,183,64) (83,134,38) (152,51,40) (97,217,3) (45,123,107) (143,165,3) (116,39,152) 
(89,46,84) (141,49,143) (216,13,187) (120,92,101) (131,249,252) (189,13,199) (124,186,237) (56,67,241) (3,155,212) (218,97,50) 
(235,105,70) (181,66,233) (223,13,79) (215,125,33) (29,199,62) (50,94,85) (176,22,35) (126,132,64) (148,182,250) (68,79,17) 
(151,198,54) (4,145,3) (30,52,40) (188,156,32) (58,53,142) (156,206,136) (91,176,164) (219,215,113) (154,161,98) (149,142,81) 
(16,57,3) (1,228,34) (64,71,164) (112,146,72) (133,206,0) (137,130,76) (0,65,11) (29,217,117) (97,30,200) (151,173,75) 
(174,63,123) (217,120,38) (77,91,105) (39,229,107) (94,91,162) (194,148,71) (217,32,95) (19,232,27) (53,88,241) (43,89,112) 
(243,252,188) (174,54,23) (154,231,239) (77,138,213) (252,108,233) (16,141,134) (205,242,29) (162,141,187) (141,192,101) (40,234,103) 
(3,129,31) (32,20,81) (26,171,113) (216,148,231) (33,124,98) (160,45,233) (134,62,151) (104,194,217) (217,31,68) (216,179,93) 
(25,93,152) (189,246,111) (137,122,10) (169,36,208) (27,127,16) (160,180,6) (0,154,55) (19,11,120) (11,98,73) (115,225,38) 
(136,112,224) (126,135,15) (16,51,230) (193,93,29) (152,97,82) (84,61,33) (231,146,126) (118,186,118) (54,58,214) (122,205,51) 
(101,28,38) (231,127,189) (43,221,215) (15,187,159) (86,145,174) (191,149,191) (171,191,171) (50,48,159) (188,109,107) (224,2,107) 
(62,145,215) (97,238,205) (56,217,201) (126,220,18) (38,114,229) (224,231,0) (41,79,97) (48,58,94) (72,42,8) (136,16,3) 
(103,178,126) (88,225,230) (98,148,44) (8,132,103) (1,81,79) (107,161,189) (161,6,192) (137,209,230) (88,151,17) (88,90,159) 
(20,87,47) (193,71,211) (87,64,229) (4,189,213) (107,177,55) (161,166,154) (174,107,190) (88,145,16) (148,158,81) (69,178,75) 
(157,133,42) (116,135,166) (249,245,55) (103,220,117) (247,33,222) (119,200,66) (110,57,181) (235,44,240) (121,221,189) (196,139,173) 
(191,237,201) (210,109,228) (137,215,130) (41,57,213) (130,99,189) (117,62,203) (47,181,94) (41,59,111) (121,163,226) (221,49,167) 
(145,16,129) (99,144,64) (8,15,80) (127,17,23) (225,217,38) (0,187,61) (11,102,208) (249,37,64) (41,26,0) (56,192,162) 
(68,162,143) (27,53,34) (89,18,120) (49,81,95) (130,1,26) (20,26,200) (222,116,103) (71,172,1) (207,50,180) (187,255,139) 
(158,234,123) (198,65,86) (66,108,180) (158,15,142) (101,148,58) (30,34,183) (245,207,110) (126,252,137) (183,7,123) (115,26,141) 
(73,48,159) (15,137,125) (79,225,83) (244,40,85) (179,86,76) (225,219,11) (255,97,251) (170,123,231) (109,72,9) (112,231,96) 
(45,75,123) (228,208,223) (145,246,45) (214,185,145) (45,84,240) (60,175,112) (52,25,232) (119,213,254) (160,206,85) (141,23,14) 
(61,173,135) (217,5,225) (149,72,74) (184,249,11) (39,189,109) (40,160,76) (132,8,150) (89,197,108) (238,132,85) (47,3,206) 
(149,86,116) (239,182,67) (185,254,231) (229,157,52) (206,39,121) (151,81,108) (249,179,146) (191,183,181) (253,24,145) (188,95,40) 
(162,76,64) (240,144,108) (24,252,152) (254,185,254) (215,243,190) (42,209,203) (254,122,124) (50,119,242) (187,133,158) (171,157,169) 
(221,26,149) (224,32,30) (30,176,41) (168,222,134) (54,173,145) (137,204,56) (64,130,85) (185,26,195) (98,5,8) (162,161,247) 
(84,35,87) (36,17,185) (181,193,219) (138,215,50) (12,81,212) (220,67,24) (51,134,82) (116,129,129) (54,24,53) (133,203,244) 
(17,199,80) (104,43,68) (138,166,115) (78,19,198) (140,96,160) (240,195,134) (84,19,172) (29,99,3) (62,201,131) (153,185,44) 
(175,222,237) (23,214,36) (194,219,91) (167,61,21) (80,128,196) (232,87,30) (87,47,52) (255,233,238) (56,45,208) (245,229,189) 
(170,8,30) (84,21,154) (183,94,200) (162,113,231) (190,236,218) (151,141,213) (190,105,161) (176,93,87) (118,241,195) (227,219,122) 
(153,17,181) (255,196,9) (222,146,202) (27,127,226) (24,138,109) (22,29,156) (227,156,230) (239,224,61) (14,188,154) (167,160,83) 
(143,188,29) (182,249,195) (118,37,168) (173,46,210) (209,231,199) (246,209,209) (56,230,166) (21,106,215) (121,66,31) (41,105,150) 
(204,237,53) (193,185,144) (227,135,60) (254,177,38) (20,33,78) (224,39,241) (97,87,88) (118,74,142) (8,213,94) (65,105,206) 
(191,86,170) (95,131,241) (64,204,143) (202,101,69) (223,23,187) (0,98,103) (13,246,27) (1,37,198) (66,108,172) (225,62,4) 
(53,11,252) (115,194,99) (230,224,37) (68,155,246) (45,80,105) (65,92,135) (2,194,37) (208,213,71) (80,54,91) (62,3,130) 
(51,129,229) (174,252,28) (28,128,182) (99,9,151) (69,77,177) (65,34,161) (138,147,86) (79,116,87) (136,209,214) (178,191,184) 
(63,212,112) (52,89,65) (197,122,192) (174,13,39) (69,5,248) (150,252,197) (23,222,209) (40,137,175) (43,69,232) (148,88,163) 
(174,97,201) (7,151,110) (252,236,128) (113,217,206) (92,165,40) (33,74,186) (245,86,148) (232,206,198) (169,179,75) (175,107,83) 
(175,144,37) (179,43,113) (248,219,147) (30,168,73) (55,203,168) (54,171,246) (21,22,240) (167,227,229) (251,192,102) (133,75,37) 
(233,235,21) (194,84,146) (142,161,46) (51,71,13) (134,158,156) (246,234,46) (242,19,144) (81,3,172) (169,31,178) (123,187,2) 
(120,42,59) (255,35,229) (40,213,166) (83,211,154) (27,24,110) (108,103,229) (251,69,157) (1,135,58) (102,0,248) (232,177,37) 
(14,15,85) (215,81,123) (123,162,248) (137,207,98) (181,57,63) (185,86,24) (146,187,127) (150,205,78) (0,107,220) (237,185,71) 
(101,186,153) (152,190,208) (246,249,7) (92,121,208) (56,199,108) (190,220,149) (91,77,36) (241,61,97) (225,118,19) (0,66,105) 
(132,98,138) (107,250,64) (180,158,251) (127,62,71) (70,226,89) (46,161,14) (66,109,30) (177,39,23) (0,212,161) (111,194,65) 
(145,201,119) (50,218,62) (8,173,136) (212,173,213) (103,182,52) (169,136,188) (81,192,199) (76,174,146) (248,175,240) (194,144,125) 
(143,184,160) (57,251,34) (119,46,105) (219,209,157) (145,43,66) (143,239,53) (201,240,205) (207,119,43) (40,74,49) (65,41,159) 
(228,122,223) (210,179,81) (192,55,38) (227,117,25) (92,242,18) (135,20,23) (135,109,16) (1,209,189) (131,244,121) (215,94,236) 
(241,234,170) (147,30,131) (212,142,137) (246,47,155) (98,41,87) (251,212,83) (2,51,240) (141,152,45) (25,29,51) (167,202,94) 
(213,82,53) (8,190,62) (205,182,13) (72,114,90) (248,26,204) (183,98,3) (75,99,52) (238,144,230) (193,89,188) (15,50,23) 
(34,167,21) (157,106,80) (158,234,136) (239,253,87) (49,43,183) (163,64,197) (220,248,89) (140,231,107) (56,52,146) (209,71,85) 
(111,172,60) (120,58,178) (141,37,182) (147,143,164) (143,241,7) (11,210,143) (110,103,164) (74,124,36) (250,119,166) (137,117,74) 
(248,201,246) (212,207,209) (18,235,250) (198,117,222) (57,25,85) (144,38,193) (140,12,147) (38,17,200) (169,175,139) (71,38,208) 
(94,131,248) (179,128,190) (125,72,92) (178,246,173) (167,68,117) (62,109,169) (219,243,11) (22,109,127) (221,107,56) (91,69,92) 
(130,130,127) (240,124,127) (71,32,225) (138,208,79) (123,49,119) (185,226,111) (248,155,159) (210,104,165) (241,123,207) (3,113,122) 
(69,127,239) (120,178,132) (12,218,221) (106,243,224) (205,45,93) (188,33,155) (128,189,147) (117,55,234) (27,41,174) (74,98,80) 
(34,74,0) (113,127,197) (137,150,140) (188,75,248) (135,65,188) (198,32,66) (142,105,66) (173,180,130) (61,107,6) (80,70,232) 
(124,60,126) (0,145,83) (156,105,164) (156,114,24) (42,71,71) (236,48,214) (112,174,156) (75,177,22) (59,184,38) (242,13,223) 
(156,161,0) (230,13,141) (181,7,117) (60,42,135) (61,5,35) (168,56,120) (215,94,211) (0,68,0) (238,241,46) (245,121,191) 
(71,10,67) (82,104,212) (113,118,124) (238,104,137) (219,193,223) (68,141,207) (212,104,58) (121,70,149) (92,166,224) (177,169,90) 
(215,200,73) (124,250,234) (63,10,14) (150,162,81) (19,195,123) (226,41,92) (34,212,150) (103,215,45) (222,142,60) (246,185,157) 
(139,139,6) (191,18,87) (80,126,101) (52,235,239) (117,230,95) (2,8,244) (235,171,92) (205,165,20) (109,63,152) (3,27,32) 
(148,243,167) (87,224,121) (215,189,69) (11,160,198) (128,90,18) (63,139,245) (177,198,12) (143,83,96) (143,112,137) (215,168,172) 
(220,172,246) (43,11,99) (85,147,102) (146,117,78) (139,231,91) (112,247,32) (243,232,24) (4,128,33) (42,110,103) (143,247,0) 
(17,76,249) (154,232,43) (8,165,23) (95,215,28) (167,7,147) (145,146,54) (182,66,84) (121,64,191) (43,151,189) (74,175,246) 
(125,254,12) (27,32,110) (29,80,92) (4,67,19) (141,39,2) (238,140,230) (105,102,54) (202,170,149) (250,50,15) (170,17,204) 
(86,180,85) (61,130,108) (14,255,9) (93,225,226) (187,164,187) (174,192,90) (61,48,104) (200,65,218) (189,225,171) (229,224,44) 
(252,23,16) (159,255,172) (60,114,78) (111,141,30) (33,92,216) (240,127,111) (235,3,24) (0,29,241) (75,52,97) (0,184,70) 
(36,103,86) (253,231,253) (39,195,221) (49,107,124) (100,108,182) (24,54,3) (205,173,163) (227,160,52) (186,221,160) (237,27,198) 
(156,37,141) (171,222,152) (157,210,128) (82,194,234) (225,24,152) (72,215,115) (16,85,105) (137,234,99) (66,245,10) (4,182,230) 
(100,200,237) (72,129,65) (20,90,53) (88,63,133) (96,185,128) (26,250,85) (53,223,38) (138,114,238) (21,17,7) (246,237,205) 
(203,175,8) (176,42,93) (255,102,199) (77,166,29) (236,247,1) (57,185,152) (248,98,230) (94,47,55) (64,10,145) (141,59,19) 
(193,0,149) (200,94,25) (238,7,52) (180,147,38) (30,38,190) (58,175,14) (33,139,136) (94,120,57) (86,194,101) (138,86,173) 
(44,59,109) (184,135,204) (127,147,78) (227,104,189) (176,110,68) (164,191,28) (155,180,150) (37,215,166) (57,74,205) (0,178,109) 
(251,171,171) (191,157,253) (33,112,135) (205,185,86) (248,130,78) (112,153,121) (227,174,199) (134,158,14) (189,109,61) (64,236,50) 
(120,53,10) (103,150,167) (226,126,147) (26,69,173) (170,203,35) (0,83,31) (169,154,64) (86,248,195) (199,216,201) (185,250,52) 
(208,252,161) (3,207,3) (214,15,50) (229,1,210) (45,179,165) (16,117,92) (4,15,243) (230,55,112) (156,49,210) (124,32,254) 
(56,203,162) (173,88,30) (27,210,33) (49,55,118) (25,189,160) (85,191,47) (122,235,180) (146,243,246) (82,109,203) (91,185,9) 
(55,76,203) (251,232,171) (113,13,172) (50,191,179) (121,70,127) (28,150,113) (213,185,109) (216,144,138) (63,70,138) (86,241,52) 
(83,7,39) (200,234,174) (126,79,149) (233,92,31) (77,163,93) (29,9,58) (26,141,195) (151,101,112) (229,96,104) (154,190,128) 
(84,179,3) (204,158,152) (129,185,247) (142,7,178) (72,161,174) (175,221,139) (24,80,191) (190,175,231) (20,76,140) (112,237,173) 
(154,91,228) (34,115,21) (7,159,251) (177,190,22) (183,130,130) (251,153,15) (136,90,39) (117,217,25) (166,174,138) (123,13,229) 
(117,71,208) (48,18,42) (93,125,204) (181,105,180) (137,138,138) (225,193,28) (203,226,50) (17,186,153) (117,250,71) (178,170,151) 
(36,114,200) (29,147,90) (138,203,139) (95,212,21) (116,29,42) (234,201,146) (51,92,209) (133,211,241) (10,89,185) (222,85,164) 
(165,209,138) (251,222,231) (202,65,254) (209,251,108) (26,230,214) (3,225,125) (103,186,163) (158,183,72) (135,49,115) (169,151,234) 
(73,10,29) (92,84,62) (172,147,55) (129,93,46) (24,75,228) (184,235,85) (27,75,84) (211,235,113) (160,180,7) (0,229,96) 
(160,142,130) (60,33,98) (89,52,86) (212,131,69) (34,215,27) (255,77,133) (41,12,237) (170,14,78) (52,40,145) (2,196,180) 
(254,180,157) (6,43,78) (45,251,165) (240,210,109) (32,223,161) (41,91,181) (7,207,239) (70,92,227) (123,56,101) (158,166,143) 
(199,100,63) (134,61,58) (147,238,205) (84,209,111) (227,137,152) (62,124,255) (127,103,131) (173,16,220) (220,241,203) (35,11,218) 
(248,87,86) (47,51,219) (184,75,238) (47,202,81) (129,184,135) (36,26,247) (92,205,2) (83,250,179) (36,158,213) (78,58,37) 
(115,43,141) (253,137,249) (254,160,93) (241,103,72) (117,46,241) (240,106,163) (82,174,8) (245,222,113) (179,203,119) (210,209,139) 
(138,184,176) (187,96,150) (168,12,239) (245,118,145) (196,83,49) (193,164,68) (116,26,189) (206,143,101) (120,7,122) (70,141,8) 
(201,175,206) (101,122,95) (219,20,62) (89,114,177) (222,145,208) (223,80,34) (23,149,157) (60,181,199) (120,70,236) (219,170,67) 
(43,37,27) (57,180,154) (235,203,127) (1,85,174) (78,242,202) (147,186,131) (101,113,128) (228,58,60) (49,110,251) (211,111,112) 
(234,184,26) (80,89,85) (21,199,176) (16,50,148) (6,152,89) (75,217,72) (5,149,238) (171,182,95) (201,251,137) (237,247,101) 
(8,109,73) (175,102,128) (5,171,98) (243,203,31) (240,190,104) (74,87,23) (119,100,139) (18,132,131) (245,213,229) (177,95,247) 
(58,10,208) (178,238,124) (168,116,82) (194,40,255) (189,177,69) (39,69,189) (158,222,255) (213,40,17) (165,252,69) (240,14,45) 
(158,145,229) (15,205,126) (250,153,108) (245,42,36) (27,179,104) (247,3,117) (62,69,21) (164,227,98) (190,107,220) (183,210,225) 
(225,200,107) (110,3,176) (223,246,188) (44,86,79) (207,113,241) (183,58,3) (107,250,125) (60,23,213) (86,6,27) (128,216,117) 
(193,39,203) (55,125,0) (8,226,170) (39,123,181) (241,162,210) (76,127,125) (72,178,132) (122,28,28) (43,230,46) (91,144,246) 
(70,18,46) (240,19,48) (67,22,154) (164,97,100) (234,127,65) (136,139,166) (23,161,171) (94,207,199) (159,76,68) (152,134,226) 
(19,126,58) (84,237,225) (104,74,145) (55,49,53) (93,69,222) (132,171,140) (195,184,4) (151,58,125) (91,246,146) (14,67,1) 
(116,135,160) (48,185,63) (213,219,9) (201,71,224) (148,0,72) (62,227,146) (163,134,24) (93,16,235) (231,223,58) (133,186,233) 
(47,243,107) (133,58,161) (18,61,52) (123,71,35) (15,166,157) (3,227,95) (166,156,165) (42,184,87) (186,150,217) (228,237,175) 
(176,45,84) (182,20,59) (219,120,227) (98,198,22) (92,185,227) (196,179,108) (128,109,88) (156,157,182) (133,108,205) (68,179,11) 
(192,0,2) (98,225,76) (219,84,187) (3,44,209) (4,96,90) (58,235,97) (142,142,182) (93,49,224) (40,224,232) (148,213,38) 
(147,163,32) (237,38,68) (210,88,198) (191,125,20) (73,27,6) (186,122,248) (36,231,182) (69,140,50) (206,226,24) (197,213,96) 
(80,75,48) (13,172,134) (158,125,163) (107,2,160) (84,200,214) (115,162,227) (88,131,201) (200,24,191) (52,182,187) (77,11,174) 
(117,172,228) (80,63,138) (62,157,112) (116,76,150) (92,85,23) (152,154,210) (9,81,209) (69,60,186) (103,47,43) (148,19,215) 
(157,184,220) (72,244,192) (237,149,73) (248,17,125) (159,115,227) (198,215,158) (103,117,120) (170,52,158) (137,51,104) (101,198,174) 
(9,212,122) (221,141,136) (183,0,40) (103,91,215) (84,107,61) (156,169,186) (235,224,252) (60,67,184) (91,87,169) (76,213,125) 
(115,2,11) (77,193,111) (55,35,249) (103,102,173) (106,146,186) (209,241,204) (172,153,216) (82,122,171) (193,151,81) (199,82,182) 
(124,140,37) (6,171,241) (96,99,3) (168,219,27) (231,20,132) (131,73,222) (169,59,174) (23,153,152) (225,60,155) (15,214,188) 
(244,186,170) (253,51,55) (255,156,231) (172,143,194) (81,32,122) (176,52,28) (4,192,186) (245,16,76) (76,77,239) (127,230,74) 
(28,141,174) (105,161,157) (109,236,72) (160,155,220) (211,143,98) (237,110,219) (169,149,20) (93,70,120) (60,49,186) (54,248,205) 
(138,73,22) (176,171,104) (204,140,115) (30,189,63) (81,231,80) (17,255,54) (162,167,149) (75,230,169) (76,224,216) (73,107,55) 
(190,119,226) (249,140,87) (163,114,175) (195,114,9) (49,136,165) (135,116,216) (92,133,81) (45,126,156) (149,18,41) (5,93,41) 
(20,234,224) (194,186,1) (18,62,211) (234,110,200) (1,72,145) (149,100,233) (109,224,42) (16,52,139) (113,211,225) (209,73,33) 
(119,160,194) (190,205,41) (224,30,214) (72,58,5) (107,153,79) (166,113,78) (37,199,194) (90,10,110) (175,9,253) (54,160,203) 
(191,35,198) (174,58,84) (237,235,65) (236,42,181) (38,210,23) (252,172,125) (207,137,155) (129,147,240) (91,110,178) (15,134,46) 
(252,146,188) (3,41,188) (68,132,227) (67,24,92) (116,191,221) (127,119,113) (208,123,255) (141,33,138) (40,235,206) (112,166,225) 
(93,13,103) (149,98,245) (88,243,141) (9,231,110) (212,226,71) (105,191,165) (103,213,66) (247,188,186) (144,168,48) (246,189,65) 
(187,200,143) (162,81,30) (156,62,43) (234,250,175) (213,211,45) (128,233,98) (187,55,164) (223,209,92) (110,184,164) (144,173,52) 
(96,234,106) (43,88,80) (1,141,115) (254,90,126) (154,85,138) (105,152,99) (167,216,241) (186,67,178) (242,167,36) (22,102,215) 
(199,198,249) (101,186,192) (171,211,42) (25,143,172) (52,124,160) (150,63,195) (181,33,241) (248,4,22) (224,167,65) (134,41,213) 
(29,119,90) (17,12,153) (45,140,63) (44,213,46) (233,18,20) (19,31,168) (230,108,99) (101,191,22) (201,214,126) (129,110,13) 
(59,104,145) (178,15,150) (186,196,214) (250,3,223) (96,58,91) (228,127,167) (109,69,128) (72,191,106) (191,143,234) (230,14,183) 
(85,203,222) (12,43,103) (93,32,153) (168,42,39) (46,140,67) (247,30,74) (63,123,200) (13,68,131) (231,119,235) (181,236,4) 
(132,77,119) (177,89,215) (215,42,109) (20,0,201) (205,236,110) (32,169,157) (114,152,153) (47,142,249) (162,222,35) (4,100,26) 
(87,232,88) (126,172,24) (171,149,103) (41,124,62) (90,107,206) (75,159,7) (31,170,17) (237,230,84) (89,115,232) (146,38,4) 
(118,45,54) (204,30,215) (248,200,15) (245,19,154) (1,195,117) (153,169,189) (140,101,250) (119,84,216) (84,169,164) (7,136,71) 
(156,66,60) (230,54,146) (209,164,134) (172,138,60) (185,220,201) (152,221,33) (61,227,107) (61,249,185) (8,10,234) (110,195,232) 
(223,225,31) (177,63,47) (66,57,102) (21,30,55) (254,166,9) (221,21,200) (255,18,239) (101,68,92) (146,230,244) (196,31,196) 
(47,254,102) (185,143,183) (219,106,64) (58,213,23) (53,88,133) (20,185,42) (226,91,164) (116,246,240) (182,97,11) (158,183,154) 
(55,120,34) (123,17,221) (149,16,246) (99,139,6) (129,35,105) (116,63,168) (180,101,150) (114,87,18) (97,47,167) (129,75,87) 
(86,165,19) (82,149,49) (200,229,21) (8,178,56) (106,135,92) (239,196,43) (18,219,11) (213,225,189) (250,174,187) (138,188,87) 
(98,113,3) (170,250,177) (157,41,133) (20,27,95) (226,207,45) (122,170,60) (102,142,110) (47,250,120) (33,198,24) (172,242,238) 
(195,223,149) (12,42,59) (140,112,38) (145,112,170) (253,20,94) (48,108,90) (137,98,166) (81,131,246) (83,78,33) (69,244,49) 
(72,172,195) (217,96,184) (158,242,80) (29,149,45) (10,102,189) (207,103,111) (125,104,189) (176,224,213) (203,101,95) (67,143,234) 
(180,71,71) (217,247,203) (120,73,30) (188,139,133) (2,106,76) (136,5,50) (252,251,59) (217,97,101) (73,134,8) (118,190,26) 
(62,211,84) (187,128,141) (98,128,241) (214,201,62) (187,32,226) (85,199,135) (232,254,200) (191,80,199) (71,172,60) (148,139,120) 
(105,115,98) (87,59,135) (45,174,174) (98,114,179) (94,227,93) (30,171,22) (185,25,212) (97,46,252) (125,206,220) (152,250,180) 
(251,243,199) (14,165,105) (73,205,118) (142,101,71) (122,6,184) (116,151,244) (47,204,182) (172,158,87) (37,215,250) (204,209,104) 
(82,16,123) (17,245,145) (42,14,24) (81,91,58) (239,121,135) (198,248,127) (121,63,62) (124,214,36) (102,183,52) (14,61,48) 
(158,92,197) (197,154,203) (146,68,52) (181,72,46) (39,191,15) (31,204,142) (71,43,191) (74,80,95) (231,166,241) (232,71,202) 
(137,50,110) (174,247,254) (132,30,21) (52,78,100) (175,104,123) (214,202,197) (136,251,167) (42,56,201) (83,137,214) (1,177,214) 
(213,149,213) (148,249,21) (117,67,200) (133,143,232) (31,91,127) (61,130,192) (165,2,34) (160,103,180) (4,101,140) (88,142,196) 
(250,207,148) (179,13,42) (79,234,104) (92,90,201) (97,163,162) (110,221,63) (25,55,69) (99,238,61) (141,251,72) (162,142,132) 
(27,52,235) (250,83,158) (252,207,205) (94,26,114) (166,178,94) (221,254,198) (106,74,139) (58,211,66) (183,132,133) (220,75,138) 
(83,49,224) (105,249,252) (152,86,69) (148,48,227) (64,11,150) (207,48,162) (87,232,83) (30,36,207) (0,108,19) (199,233,111) 
(252,152,246) (187,144,30) (67,55,233) (48,156,142) (81,111,186) (4,172,73) (96,235,184) (179,151,216) (17,208,172) (240,114,114) 
(253,14,216) (184,238,225) (38,160,114) (181,156,220) (88,137,240) (227,236,112) (142,202,161) (71,9,181) (123,155,102) (197,4,146) 
(133,184,119) (252,235,47) (233,150,22) (86,109,249) (91,48,50) (117,28,11) (237,158,230) (156,230,92) (206,129,185) (209,143,190) 
(107,20,212) (69,28,35) (179,96,237) (213,194,12) (209,162,246) (33,170,117) (233,50,12) (106,146,225) (45,51,44) (225,146,125) 
(134,236,53) (220,133,250) (48,16,117) (121,66,169) (72,157,126) (146,144,184) (97,95,169) (141,17,76) (81,67,195) (65,173,43) 
(168,20,71) (148,49,164) (1,200,229) (248,168,146) (63,107,23) (110,156,244) (208,228,209) (66,244,53) (131,19,70) (222,185,31) 
(59,45,66) (73,48,67) (91,78,189) (103,217,55) (77,191,37) (182,100,143) (215,75,239) (242,126,243) (241,69,167) (19,26,206) 
(62,208,96) (141,102,142) (23,91,158) (65,251,153) (109,252,145) (103,128,163) (22,55,57) (216,108,78) (220,197,22) (67,162,170) 
(111,46,98) (91,143,176) (95,232,40) (125,8,116) (31,247,239) (185,170,83) (213,14,125) (189,194,197) (247,160,193) (187,41,12) 
(241,92,80) (119,245,128) (115,178,42) (80,87,51) (59,139,7) (30,208,92) (28,6,174) (3,70,176) (159,126,72) (95,108,210) 
(47,178,217) (240,151,46) (99,30,243) (64,142,131) (61,223,33) (38,110,79) (175,191,137) (174,136,21) (78,65,117) (238,67,40) 
(194,29,144) (65,233,79) (18,188,80) (181,160,97) (53,35,246) (175,106,54) (60,239,230) (255,170,161) (46,31,187) (125,65,171) 
(248,168,117) (255,200,183) (250,88,19) (41,139,178) (204,139,4) (122,48,246) (169,89,172) (189,130,182) (44,103,89) (217,221,84) 
(180,109,67) (69,217,208) (246,60,242) (0,201,59) (55,130,154) (131,20,64) (82,46,52) (146,157,43) (10,99,82) (133,109,110) 
(92,150,165) (165,171,200) (88,206,96) (227,180,25) (204,4,0) (227,24,16) (238,182,57) (216,156,229) (185,212,201) (18,193,143) 
(51,193,124) (185,66,175) (172,189,184) (83,95,164) (44,230,136) (14,207,186) (206,25,65) (42,32,191) (107,127,151) (192,0,166) 
(97,247,244) (81,95,212) (77,102,62) (70,239,154) (194,181,140) (109,170,242) (242,64,191) (149,86,237) (248,239,232) (216,165,240) 
(57,243,16) (31,79,134) (30,224,66) (35,49,92) (63,45,196) (176,24,20) (47,122,163) (15,135,54) (68,139,246) (204,94,210) 
(141,158,13) (9,84,92) (61,148,137) (33,238,150) (212,200,73) (19,47,204) (114,159,200) (55,149,209) (44,117,113) (31,137,74) 
(204,26,7) (183,89,237) (35,105,160) (249,237,207) (112,64,32) (94,152,189) (194,71,225) (216,24,126) (138,75,109) (87,168,40) 
(185,196,74) (156,215,61) (197,75,252) (39,105,213) (2,182,85) (235,250,71) (130,113,95) (63,191,204) (79,249,202) (227,204,107) 
(21,122,167) (132,172,176) (253,180,172) (42,104,63) (92,198,129) (224,132,9) (124,87,121) (36,203,70) (10,70,185) (17,222,129) 
(141,109,216) (9,144,220) (102,39,58) (162,131,176) (215,214,113) (245,189,109) (98,205,99) (211,150,201) (184,176,56) (75,223,244) 
(63,155,116) (161,202,54) (175,95,246) (229,123,82) (48,86,128) (36,29,197) (229,85,137) (194,22,214) (114,173,200) (145,16,32) 
(179,230,185) (223,174,113) (148,48,71) (159,53,129) (71,209,45) (144,36,151) (22,29,51) (111,222,60) (63,177,17) (246,88,47) 
(61,86,74) (154,138,245) (71,53,230) (170,3,207) (206,4,246) (229,188,241) (103,30,167) (54,132,123) (8,188,163) (6,207,65) 
(124,168,122) (204,101,194) (201,47,184) (35,12,185) (219,94,195) (146,178,202) (1,49,5) (241,117,140) (51,251,47) (45,184,213) 
(61,244,108) (110,169,27) (26,99,236) (189,25,13) (251,15,239) (99,64,133) (45,241,18) (105,253,147) (213,77,6) (193,39,218) 
(221,55,228) (116,43,16) (222,125,140) (203,2,186) (115,97,159) (224,168,232) (225,140,157) (5,183,173) (96,102,125) (86,216,56) 
(138,212,178) (149,237,171) (255,144,52) (160,111,191) (122,47,112) (83,128,222) (67,36,50) (27,252,218) (218,84,253) (96,91,158) 
(8,88,38) (205,217,101) (217,3,128) (86,38,206) (100,252,79) (41,41,150) (229,245,64) (9,140,206) (43,153,163) (127,157,113) 
(176,24,194) (139,225,215) (107,146,13) (66,225,101) (182,152,100) (132,21,65) (186,30,47) (69,11,120) (81,246,111) (248,33,181) 
(250,181,98) (182,181,131) (213,177,149) (235,162,100) (105,31,127) (240,44,36) (179,23,146) (143,29,155) (149,252,129) (104,173,247) 
(254,16,112) (76,35,120) (211,48,153) (253,128,155) (227,163,45) (65,252,118) (57,25,227) (221,232,19) (253,49,161) (235,138,208) 
(33,128,169) (242,202,107) (75,75,226) (255,172,115) (100,189,233) (232,139,124) (42,213,101) (211,170,185) (174,187,100) (38,0,91) 
(123,141,50) (8,212,149) (241,53,66) (41,98,205) (25,35,251) (171,233,251) (85,1,122) (169,208,241) (249,178,79) (53,148,248) 
(217,73,53) (188,30,38) (189,249,174) (159,235,19) (153,94,189) (61,4,222) (6,208,110) (18,247,115) (246,165,49) (37,2,30) 
(25,232,80) (189,229,77) (196,34,132) (16,200,157) (0,248,19) (79,15,165) (82,111,161) (123,63,152) (41,100,46) (33,98,99) 
(101,219,228) (196,240,134) (238,89,201) (32,214,161) (236,120,8) (128,121,154) (120,169,155) (133,125,118) (226,157,120) (253,150,236) 
(109,251,166) (11,235,99) (80,148,161) (95,222,203) (180,125,60) (80,69,66) (222,44,60) (29,228,234) (216,34,114) (135,152,192) 
(166,67,127) (231,170,63) (206,241,87) (198,185,84) (234,243,14) (59,21,201) (243,28,171) (100,248,195) (116,160,237) (31,247,207) 
(26,230,37) (112,203,28) (98,146,141) (166,63,214) (18,224,231) (2,58,45) (229,198,213) (93,14,80) (39,254,177) (175,142,17) 
(235,114,193) (170,189,143) (175,105,233) (227,129,111) (95,216,204) (59,202,244) (141,57,71) (196,120,109) (44,187,201) (247,243,20) 
(151,138,128) (230,57,150) (113,55,141) (26,205,63) (182,99,82) (248,205,225) (167,74,190) (83,251,164) (239,0,178) (111,242,147) 
(85,184,68) (177,195,251) (226,54,77) (219,252,105) (47,24,224) (37,100,36) (104,78,93) (12,145,58) (175,207,228) (220,104,82) 
(39,43,211) (61,172,80) (107,67,227) (29,195,142) (249,236,60) (247,86,243) (79,172,138) (117,44,112) (213,233,183) (216,38,159) 
(109,145,145) (57,151,66) (244,217,119) (240,94,78) (202,63,202) (121,72,143) (67,160,154) (66,81,132) (164,243,191) (167,133,156) 
(199,182,186) (156,137,105) (180,146,161) (154,104,235) (222,213,172) (84,33,249) (114,183,197) (11,98,196) (12,254,98) (152,137,85) 
(76,186,149) (29,142,89) (178,82,255) (170,37,236) (153,207,140) (82,196,97) (230,231,226) (17,146,176) (89,158,11) (204,213,53) 
(175,169,226) (3,196,236) (118,41,227) (114,175,66) (248,169,94) (255,189,120) (233,96,230) (6,49,40) (29,189,200) (136,80,109) 
(104,241,21) (161,120,19) (134,224,51) (29,132,127) (181,106,3) (11,12,249) (222,119,254) (110,76,246) (113,129,80) (3,94,133) 
(168,138,188) (163,212,192) (89,206,247) (191,231,24) (158,144,244) (73,59,6) (152,127,164) (124,114,245) (104,193,163) (130,105,37) 
(106,103,49) (121,35,139) (125,216,144) (237,196,224) (236,124,123) (5,70,28) (49,18,20) (32,169,254) (227,157,11) (196,154,174) 
(194,114,236) (84,45,242) (144,123,69) (139,72,49) (152,202,1) (143,108,251) (12,144,123) (4,34,227) (213,112,122) (0,44,12) 
(85,210,197) (149,2,201) (41,217,163) (69,98,6) (147,148,254) (101,244,233) (93,193,134) (80,105,125) (217,110,105) (230,42,241) 
(15,185,5) (71,72,95) (118,158,83) (32,146,25) (41,69,116) (196,150,56) (131,17,79) (92,160,52) (18,234,75) (0,175,255) 
(61,194,86) (111,163,197) (8,130,212) (114,14,161) (172,23,38) (97,246,72) (127,148,27) (185,193,163) (248,38,204) (225,201,66) 
(29,154,245) (222,41,135) (134,176,226) (68,241,15) (245,11,251) (48,236,4) (139,8,27) (220,248,159) (160,253,241) (113,149,86) 
(30,207,8) (173,56,49) (20,220,214) (189,77,34) (133,60,143) (2,125,24) (68,93,226) (138,167,237) (8,193,255) (114,144,163) 
(142,109,105) (165,101,88) (151,110,240) (67,112,129) (192,218,230) (24,4,221) (37,40,231) (97,121,149) (1,53,98) (87,226,77) 
(28,28,125) (169,198,76) (150,3,135) (186,40,193) (156,86,161) (186,71,119) (150,167,83) (140,239,21) (41,68,178) (239,122,78) 
(238,22,83) (25,1,248) (168,41,191) (9,179,39) (231,138,170) (75,202,32) (219,63,57) (207,69,61) (91,180,135) (249,80,218) 
(242,142,224) (28,203,137) (23,101,182) (68,121,210) (128,122,235) (244,93,24) (21,45,172) (230,45,115) (118,149,157) (228,236,211) 
(171,165,56) (6,220,34) (251,172,73) (219,117,61) (55,62,46) (178,201,151) (31,112,168) (225,166,196) (213,151,236) (91,101,44) 
(143,191,173) (142,240,41) (110,104,195) (181,115,231) (77,112,140) (239,251,216) (31,108,7) (201,105,78) (57,215,116) (41,162,236) 
(182,120,85) (16,75,102) (42,200,184) (191,96,7) (12,136,196) (200,199,213) (63,181,135) (104,22,71) (212,227,145) (37,11,246) 
(75,69,247) (31,78,91) (146,244,218) (54,101,174) (216,125,248) (114,167,57) (86,241,224) (105,206,109) (29,222,100) (22,172,139) 
(50,231,158) (243,172,107) (109,68,175) (146,181,195) (144,197,98) (95,252,95) (22,147,240) (160,137,107) (239,185,126) (230,51,226) 
(19,37,78) (128,60,72) (44,219,79) (79,218,32) (249,175,151) (201,64,23) (195,134,7) (67,228,200) (201,112,149) (247,102,186) 
(145,128,61) (79,44,106) (20,7,77) (153,162,112) (230,254,174) (137,104,204) (2,67,135) (94,199,177) (15,134,20) (31,210,216) 
(109,198,179) (67,146,46) (110,98,84) (125,208,205) (27,229,65) (58,70,30) (145,47,235) (143,194,134) (82,121,92) (27,12,179) 
(248,54,240) (195,218,22) (227,252,0) (255,92,49) (49,163,30) (204,70,70) (254,170,23) (138,166,76) (144,124,219) (245,32,40) 
(185,51,98) (21,211,222) (222,224,8) (169,114,75) (58,104,168) (124,5,185) (156,103,230) (159,235,31) (54,170,21) (175,94,174) 
(248,24,189) (113,49,166) (99,218,186) (92,252,22) (147,93,164) (162,205,228) (75,82,175) (203,186,28) (124,84,27) (102,75,64) 
(170,151,74) (242,89,144) (156,13,163) (117,46,178) (210,242,187) (210,215,88) (187,128,122) (255,170,1) (72,123,161) (55,231,73) 
(86,124,111) (231,209,122) (132,93,143) (241,60,107) (204,200,129) (229,203,240) (5,32,5) (111,207,143) (232,4,29) (76,20,3) 
(202,222,219) (240,127,255) (86,42,187) (77,176,183) (92,215,217) (228,144,74) (137,66,36) (39,253,25) (87,142,164) (177,188,163) 
(248,40,7) (223,149,156) (211,234,115) (99,40,197) (176,139,106) (75,175,51) (57,110,200) (96,40,234) (205,131,192) (87,184,103) 
(161,246,227) (23,213,88) (0,162,72) (249,210,14) (213,255,111) (210,19,108) (184,152,114) (17,193,125) (229,229,29) (135,162,104) 
(223,28,239) (117,32,73) (82,200,90) (187,87,187) (217,178,204) (5,21,195) (133,9,189) (98,42,170) (171,109,100) (221,214,143) 
(142,102,42) (17,105,156) (124,12,147) (231,134,102) (115,92,191) (1,80,205) (119,201,157) (181,206,101) (54,211,132) (33,135,139) 
(59,214,253) (13,55,248) (142,230,211) (33,129,31) (242,234,130) (8,96,119) (89,178,29) (242,167,196) (225,196,16) (90,149,202) 
(160,51,226) (84,243,207) (200,9,216) (10,83,249) (3,87,164) (44,210,53) (125,32,172) (20,206,140) (38,33,252) (241,201,156) 
(3,211,36) (207,127,105) (237,86,64) (49,81,179) (7,76,202) (154,205,197) (179,189,241) (75,216,103) (139,21,119) (48,115,35) 
(198,191,230) (69,116,108) (75,168,147) (189,228,251) (102,107,175) (33,119,175) (28,78,221) (88,183,104) (6,181,169) (94,88,8) 
(61,175,140) (234,48,120) (9,0,26) (167,196,119) (181,50,104) (167,158,13) (131,69,80) (197,221,106) (146,23,12) (206,234,157) 
(204,215,226) (119,146,1) (23,36,33) (201,176,51) (218,38,173) (128,249,23) (200,28,6) (107,57,92) (87,167,15) (199,117,23) 
(246,248,235) (160,151,57) (237,4,238) (28,249,182) (212,243,167) (121,209,6) (120,3,60) (188,136,136) (47,241,195) (119,232,106) 
(236,150,14) (213,121,11) (188,171,210) (195,104,109) (237,89,216) (241,91,173) (214,10,52) (106,154,227) (111,47,105) (238,243,162) 
(182,180,216) (255,42,74) (68,105,120) (99,97,96) (45,209,17) (30,185,11) (126,4,83) (38,162,57) (97,217,243) (225,172,184) 
(147,31,181) (92,229,225) (76,190,241) (88,162,208) (21,27,42) (209,36,217) (203,230,237) (227,46,162) (79,76,213) (158,88,129) 
(219,115,133) (17,141,141) (242,221,113) (206,16,177) (118,59,175) (228,64,100) (234,54,239) (247,159,150) (237,153,114) (91,213,143) 
(45,195,251) (28,246,232) (177,56,170) (231,220,66) (116,37,81) (12,218,172) (102,219,245) (73,60,49) (218,62,136) (197,69,23) 
(29,1,187) (152,180,222) (69,245,190) (170,232,160) (89,134,82) (249,86,90) (153,24,138) (7,176,201) (75,81,84) (180,99,60) 
(11,159,203) (37,189,148) (133,174,120) (144,252,31) (233,97,103) (175,78,72) (128,113,56) (189,88,83) (102,35,3) (94,221,243) 
(116,150,166) (170,122,117) (39,21,1) (250,248,150) (161,136,146) (99,99,141) (238,94,56) (102,185,244) (91,36,13) (195,88,175) 
(194,165,109) (219,28,60) (150,43,80) (119,23,93) (142,248,183) (178,115,32) (56,77,215) (5,71,58) (243,232,74) (118,171,67) 
(28,11,194) (190,207,200) (41,109,197) (249,126,247) (76,88,145) (248,39,109) (69,69,136) (219,128,126) (41,56,125) (213,200,54) 
(112,16,185) (28,226,215) (175,86,112) (104,33,123) (85,178,65) (199,203,141) (143,192,112) (201,49,242) (235,114,74) (8,160,213) 
(82,248,215) (170,50,167) (104,183,216) (150,141,100) (175,247,247) (88,242,101) (40,189,231) (150,243,74) (122,31,199) (177,120,128) 
(33,208,22) (193,190,66) (64,9,137) (43,205,19) (218,13,36) (207,56,231) (70,212,229) (92,211,159) (146,182,44) (213,3,41) 
(168,150,234) (110,175,218) (67,125,128) (158,141,63) (201,87,102) (102,45,162) (140,159,170) (17,102,196) (242,171,38) (57,140,175) 
(31,92,206) (122,1,177) (58,6,195) (130,154,220) (217,168,195) (205,156,189) (96,176,163) (122,114,204) (202,128,140) (125,144,203) 
(102,24,188) (97,48,254) (103,22,195) (192,197,34) (18,74,165) (120,239,31) (61,226,23) (175,100,85) (115,138,94) (142,171,100) 
(154,122,109) (138,104,131) (230,114,247) (92,101,73) (229,92,57) (3,4,138) (167,252,205) (49,106,165) (58,106,49) (62,22,61) 
(227,235,103) (62,97,141) (34,81,32) (51,222,76) (93,217,141) (213,209,118) (248,64,39) (142,251,23) (227,57,153) (143,27,255) 
(1,99,226) (112,146,142) (31,255,118) (87,183,82) (163,118,138) (190,104,59) (106,106,94) (196,151,187) (100,179,189) (237,0,71) 
(38,13,151) (97,58,151) (164,212,64) (235,167,203) (156,14,126) (100,205,108) (143,180,18) (53,71,139) (113,175,40) (116,148,189) 
(89,86,138) (136,110,13) (61,105,128) (115,240,3) (111,75,42) (105,243,252) (16,161,128) (146,56,171) (1,190,141) (12,223,88) 
(63,110,163) (155,132,180) (63,76,133) (51,234,146) (219,221,117) (47,154,238) (34,192,123) (95,74,92) (199,234,139) (239,39,85) 
(108,175,150) (32,79,18) (121,227,66) (166,4,100) (205,9,209) (223,80,21) (86,162,120) (170,174,212) (232,17,26) (78,83,201) 
(52,175,25) (78,59,228) (75,253,197) (214,42,233) (191,209,49) (192,82,20) (138,240,247) (133,223,121) (238,151,138) (246,111,243) 
(188,147,60) (191,42,111) (103,100,244) (22,103,250) (171,193,140) (71,224,233) (14,55,186) (93,0,203) (3,141,151) (76,137,156) 
(196,68,243) (169,11,159) (135,118,224) (42,71,171) (143,112,170) (41,175,159) (74,226,35) (64,224,178) (213,125,35) (198,234,249) 
(210,104,123) (166,107,15) (178,94,57) (81,52,74) (205,237,181) (185,101,39) (80,135,230) (185,41,233) (111,235,189) (80,148,1) 
(234,242,23) (229,182,9) (76,140,96) (136,150,113) (1,212,194) (214,211,11) (168,68,254) (26,26,220) (219,129,173) (59,0,75) 
(186,95,161) (24,116,246) (184,7,21) (127,238,115) (81,26,9) (67,46,197) (250,236,87) (15,17,103) (86,64,140) (151,172,26) 
(127,68,219) (48,96,30) (17,62,246) (165,214,67) (251,254,103) (148,89,35) (210,57,84) (85,81,144) (86,40,190) (202,168,51) 
(53,101,107) (200,107,56) (149,120,243) (181,117,137) (234,111,188) (123,102,66) (150,72,217) (116,45,161) (94,126,223) (138,241,14) 
(162,117,143) (233,190,102) (120,91,122) (130,91,34) (175,198,246) (56,116,195) (255,185,105) (200,4,116) (134,24,100) (91,57,31) 
(23,210,93) (20,137,195) (56,231,58) (183,244,245) (142,197,214) (167,172,125) (13,152,144) (174,240,32) (189,71,229) (236,56,203) 
(151,19,197) (177,86,196) (139,240,217) (167,137,55) (85,95,47) (12,116,161) (103,219,200) (71,7,189) (83,154,131) (179,106,121) 
(68,69,147) (79,158,75) (109,128,113) (129,3,157) (156,156,175) (213,115,26) (113,42,6) (227,127,228) (173,13,187) (183,117,228) 
(213,43,195) (48,19,78) (125,255,120) (162,221,192) (125,170,131) (122,9,66) (217,157,188) (55,37,67) (212,160,155) (205,2,77) 
(71,121,98) (230,222,59) (190,56,245) (240,25,213) (27,8,126) (171,222,228) (97,104,11) (105,74,149) (148,217,94) (206,0,234) 
(110,146,84) (54,131,54) (227,225,249) (80,112,100) (109,163,39) (167,50,31) (82,140,213) (68,15,224) (144,34,39) (116,224,193) 
(172,203,129) (139,208,161) (88,87,245) (157,87,69) (235,168,195) (115,8,245) (124,130,131) (58,173,61) (18,5,209) (190,173,249) 
(173,74,253) (252,51,121) (194,233,253) (251,31,232) (26,55,149) (24,177,203) (34,174,139) (185,148,138) (249,62,159) (229,226,215) 
(80,105,182) (53,233,55) (179,176,80) (37,21,143) (66,46,138) (125,34,230) (255,42,171) (218,242,12) (80,10,137) (174,15,143) 
(179,61,244) (91,71,222) (50,138,68) (230,69,84) (51,24,216) (89,204,85) (30,157,36) (171,133,56) (143,44,116) (86,53,53) 
(253,50,175) (154,26,166) (239,116,39) (152,229,231) (172,38,207) (58,116,196) (185,59,122) (42,202,126) (207,113,145) (171,154,35) 
(209,145,148) (212,126,110) (171,235,249) (126,55,39) (71,193,40) (142,17,139) (104,245,23) (25,162,88) (234,4,30) (223,5,234) 
(176,5,178) (60,30,80) (206,16,167) (238,115,159) (214,45,233) (201,201,118) (36,242,118) (182,128,239) (166,196,19) (93,144,45) 
(217,54,165) (198,163,103) (212,218,147) (136,79,113) (75,110,206) (205,202,138) (123,94,215) (174,136,40) (45,188,44) (250,159,252) 
(80,217,106) (138,45,177) (205,3,235) (71,101,106) (100,226,178) (4,200,204) (85,106,40) (108,166,0) (157,243,149) (137,115,45) 
(241,57,82) (9,67,166) (171,30,144) (223,152,194) (17,32,251) (135,244,13) (33,220,113) (247,192,40) (19,106,114) (211,110,39) 
(27,220,45) (247,236,119) (20,49,83) (163,88,240) (237,68,47) (93,16,255) (84,169,106) (103,1,215) (188,207,117) (63,211,24) 
(232,188,236) (237,87,136) (73,33,91) (158,158,162) (242,153,163) (25,88,202) (125,110,134) (199,226,219) (67,90,80) (174,23,103) 
(234,176,43) (167,97,163) (109,35,4) (76,202,216) (219,240,57) (91,57,170) (169,10,227) (219,116,127) (223,85,159) (128,242,52) 
(10,199,47) (158,56,94) (236,195,202) (132,214,221) (190,183,170) (111,50,97) (37,3,68) (20,250,104) (167,147,47) (167,139,102) 
(164,235,186) (5,17,1) (78,51,144) (152,115,200) (51,61,53) (222,168,222) (185,83,175) (235,153,87) (158,85,14) (104,81,133) 
(31,175,181) (77,142,186) (1,74,52) (95,185,82) (100,67,254) (178,27,19) (244,180,112) (131,67,206) (111,216,208) (11,159,198) 
(46,88,85) (76,243,65) (226,254,134) (98,110,9) (93,9,110) (242,18,126) (2,220,173) (210,154,100) (221,159,87) (25,79,219) 
(46,209,240) (197,81,254) (123,178,163) (116,214,179) (6,235,99) (84,129,38) (88,19,246) (117,168,225) (233,139,17) (126,120,123) 
(110,141,83) (241,47,93) (186,204,227) (175,94,125) (33,68,225) (77,190,154) (124,136,79) (37,25,64) (171,186,237) (155,161,246) 
(121,37,58) (75,169,186) (113,61,195) (65,55,212) (105,138,136) (203,68,9) (247,39,21) (248,97,141) (106,23,111) (34,232,208) 
(31,3,226) (53,3,75) (136,193,166) (72,138,28) (191,8,228) (250,9,176) (43,101,59) (214,145,117) (196,114,63) (92,62,8) 
(201,15,73) (25,25,104) (56,206,226) (232,194,227) (124,148,188) (51,42,2) (82,85,139) (5,163,41) (54,199,93) (212,225,118) 
(205,161,59) (211,111,95) (87,177,161) (172,77,181) (193,253,122) (166,18,247) (226,144,108) (206,26,231) (80,3,233) (194,71,246) 
(216,164,138) (150,194,225) (92,172,206) (248,110,87) (84,133,200) (108,164,49) (92,144,207) (219,142,42) (249,122,68) (193,119,141) 
(73,232,221) (4,110,102) (62,111,222) (28,0,49) (207,72,251) (79,186,159) (163,197,103) (160,115,165) (75,226,231) (16,242,72) 
(73,36,147) (149,227,209) (157,194,92) (98,228,0) (232,58,207) (49,41,148) (168,92,223) (95,128,16) (152,50,238) (139,194,215) 
(128,76,69) (30,121,106) (192,72,82) (142,170,154) (162,4,11) (79,229,79) (5,3,68) (132,221,216) (48,66,108) (9,6,208) 
(166,6,15) (178,129,8) (63,177,238) (133,199,241) (242,121,184) (149,228,35) (246,231,166) (43,87,122) (23,7,73) (162,84,177) 
(226,230,117) (12,234,174) (254,11,167) (78,74,197) (26,200,222) (191,138,195) (65,86,203) (47,227,53) (222,236,144) (169,135,20) 
(177,63,185) (235,157,92) (31,209,204) (202,54,105) (255,233,58) (218,141,152) (215,136,238) (166,53,86) (110,169,44) (76,78,21) 
(166,38,198) (209,170,229) (26,9,208) (211,90,179) (34,14,200) (130,14,56) (137,59,205) (82,103,59) (173,180,198) (225,153,68) 
(139,65,119) (26,161,193) (61,8,64) (29,45,4) (13,89,58) (136,12,24) (173,105,1) (34,110,72) (20,3,246) (87,119,239) 
(232,205,222) (89,39,237) (173,136,9) (152,155,204) (20,245,130) (73,10,153) (237,17,74) (72,236,251) (61,122,155) (223,200,241) 
(139,123,78) (4,225,22) (91,28,225) (125,40,249) (210,105,171) (176,230,53) (134,96,52) (26,134,177) (69,89,120) (234,185,128) 
(153,24,53) (100,229,8) (147,212,80) (199,221,43) (19,227,228) (239,51,9) (20,185,145) (202,31,211) (40,129,215) (9,185,132) 
(228,161,242) (63,22,15) (235,189,149) (9,86,157) (202,114,13) (221,22,82) (113,15,144) (136,185,194) (51,132,5) (126,164,178) 
(132,56,146) (176,9,61) (61,169,65) (63,37,201) (247,34,39) (79,251,224) (59,121,20) (188,171,251) (254,18,79) (211,63,74) 
(231,107,69) (146,65,226) (95,147,86) (203,115,116) (173,123,107) (244,9,123) (116,198,233) (135,255,220) (18,141,48) (234,35,98) 
(87,137,83) (13,148,56) (168,131,131) (152,137,82) (0,178,112) (12,189,46) (80,128,109) (4,145,4) (67,45,133) (40,253,188) 
(31,34,8) (124,78,114) (0,10,134) (39,69,125) (215,54,71) (20,145,19) (50,80,93) (53,176,43) (177,101,218) (220,57,111) 
(215,125,130) (76,19,58) (200,52,237) (180,103,139) (233,221,74) (42,156,152) (226,121,182) (242,98,111) (104,221,243) (113,97,174) 
(167,163,65) (163,96,126) (84,243,28) (59,157,92) (32,211,179) (129,205,252) (86,153,86) (62,61,174) (212,146,137) (37,199,222) 
(121,211,216) (251,35,16) (237,140,119) (244,236,17) (92,211,79) (1,187,114) (239,165,178) (128,239,2) (98,100,239) (142,98,62) 
(9,235,102) (10,22,137) (205,16,254) (0,255,97) (148,47,141) (33,176,73) (197,213,243) (0,103,126) (89,232,16) (50,156,185) 
(38,0,208) (93,48,147) (46,60,56) (13,98,56) (225,143,35) (194,173,117) (170,215,255) (249,172,53) (194,40,138) (62,249,171) 
(234,156,235) (2,214,143) (38,19,94) (15,110,132) (203,12,244) (153,109,171) (248,255,244) (152,243,196) (94,65,251) (232,185,83) 
(79,233,22) (240,31,23) (48,13,191) (13,121,159) (152,167,206) (141,235,135) (92,73,65) (18,199,5) (224,48,19) (104,232,82) 
(4,200,132) (243,70,236) (169,191,174) (200,5,199) (8,230,153) (232,40,179) (57,133,138) (80,35,1) (195,153,201) (210,37,124) 
(235,96,124) (223,231,105) (69,26,210) (89,87,46) (247,39,4) (111,136,254) (24,56,157) (54,185,159) (47,250,216) (196,125,128) 
(91,188,33) (84,15,116) (84,182,174) (253,206,88) (215,251,220) (31,209,203) (63,187,167) (113,215,157) (33,30,144) (167,178,36) 
(130,98,147) (174,149,83) (125,41,55) (85,53,62) (43,35,34) (61,43,2) (109,56,91) (14,62,112) (71,76,19) (30,104,186) 
(64,46,160) (18,33,198) (192,10,105) (149,249,185) (74,95,187) (36,58,20) (215,57,10) (121,81,49) (193,36,37) (116,65,2) 
(8,16,4) (30,128,117) (69,50,241) (196,248,35) (3,145,104) (161,45,12) (186,147,222) (79,139,139) (64,72,178) (25,22,194) 
(226,38,142) (175,61,128) (170,26,144) (106,42,85) (217,110,144) (126,149,124) (88,174,237) (124,217,128) (253,16,217) (102,252,80) 
(83,83,125) (255,167,44) (218,113,183) (113,254,165) (131,136,201) (252,15,88) (117,120,230) (54,249,189) (63,64,159) (236,83,60) 
(111,38,239) (182,109,4) (0,128,77) (116,216,152) (6,104,56) (73,131,38) (40,125,28) (0,57,217) (194,1,98) (27,80,19) 
(13,221,127) (5,87,21) (31,96,237) (57,18,97) (25,177,112) (189,57,16) (242,228,65) (163,96,245) (5,178,52) (101,9,118) 
(20,41,153) (147,46,16) (60,110,28) (70,249,163) (217,117,119) (217,77,135) (226,22,159) (166,125,215) (153,172,0) (86,167,174) 
(1,211,96) (106,152,147) (9,106,190) (113,155,155) (104,70,174) (233,215,124) (126,150,187) (252,71,21) (247,34,127) (191,251,170) 
(31,253,241) (182,159,118) (153,67,238) (203,172,90) (214,153,81) (23,106,209) (86,20,145) (188,216,208) (219,137,196) (33,104,197) 
(128,16,134) (67,8,4) (14,91,40) (49,170,169) (49,88,238) (49,117,71) (23,135,20) (162,80,162) (152,97,172) (27,68,127) 
(240,189,237) (196,168,181) (166,231,218) (164,106,246) (163,83,48) (45,107,126) (55,53,124) (95,142,49) (251,175,135) (61,17,169) 
(198,215,127) (143,24,53) (255,91,114) (214,90,227) (243,175,46) (184,204,159) (65,222,153) (82,204,122) (2,108,210) (102,172,200) 
(176,111,167) (163,231,162) (204,35,221) (43,213,167) (138,88,10) (90,107,92) (48,95,205) (130,85,15) (73,129,1) (61,219,67) 
(146,30,82) (154,162,253) (0,201,179) (27,166,136) (150,142,28) (137,132,24) (16,156,1) (96,145,68) (36,82,158) (71,232,188) 
(195,66,12) (60,197,108) (8,10,22) (100,131,223) (32,199,65) (101,28,24) (4,80,18) (41,222,182) (104,251,201) (113,132,243) 
(143,18,195) (119,168,188) (195,46,43) (157,111,43) (32,94,175) (79,39,178) (183,173,166) (78,225,185) (255,40,161) (106,173,116) 
(63,101,211) (58,116,203) (59,62,117) (252,255,158) (43,156,234) (183,99,151) (191,145,19) (161,138,165) (109,227,128) (110,20,89) 
(177,9,183) (150,185,69) (86,148,195) (73,20,23) (71,161,249) (57,223,224) (132,9,149) (113,74,169) (49,241,114) (4,16,74) 
(135,125,70) (50,75,66) (64,130,82) (80,104,69) (144,199,152) (131,3,38) (0,21,23) (145,197,20) (138,17,51) (20,162,133) 
(0,12,190) (208,220,254) (50,235,77) (179,189,105) (232,155,230) (75,45,182) (103,89,54) (167,191,2) (64,206,175) (120,67,88) 
(175,236,136) (116,33,234) (122,110,34) (195,74,126) (203,111,131) (93,172,216) (147,255,191) (142,242,155) (189,53,64) (41,79,233) 
(42,39,231) (189,136,129) (99,144,10) (128,96,202) (102,46,76) (238,146,174) (232,138,99) (243,249,32) (104,185,246) (57,210,58) 
(29,124,129) (28,10,176) (173,199,17) (52,160,161) (71,12,198) (110,48,186) (112,121,115) (50,47,64) (23,152,56) (171,100,150) 
(15,130,212) (18,90,40) (166,18,72) (16,195,202) (184,69,69) (195,212,114) (52,251,240) (182,107,226) (8,178,247) (214,90,51) 
(137,137,84) (63,32,249) (244,229,34) (219,86,232) (46,196,99) (224,135,233) (191,101,215) (190,71,252) (230,132,72) (106,228,87) 
(57,230,161) (155,115,73) (49,254,97) (204,164,175) (25,121,37) (22,147,108) (19,2,104) (128,109,54) (128,162,0) (6,80,18) 
(14,50,5) (17,42,212) (12,97,107) (199,40,169) (79,125,91) (53,13,48) (155,254,61) (49,71,45) (18,88,128) (48,121,77) 
(226,25,35) (2,218,157) (174,206,198) (0,160,196) (131,254,168) (45,145,130) (104,151,254) (125,59,208) (57,102,93) (169,160,230) 
(172,201,217) (65,64,72) (70,230,22) (85,211,156) (250,25,125) (223,11,10) (97,21,27) (101,234,127) (118,40,172) (73,206,48) 
(168,107,192) (97,246,117) (112,204,17) (99,168,108) (94,180,174) (33,77,213) (201,219,161) (117,108,1) (51,85,112) (2,125,84) 
(64,17,193) (42,22,213) (38,249,88) (226,225,144) (8,175,132) (89,5,35) (188,139,67) (45,33,8) (2,244,134) (64,154,127) 
(155,111,174) (48,232,2) (171,171,90) (23,101,255) (22,10,108) (197,81,49) (69,137,25) (30,70,145) (128,154,52) (94,69,96) 
(174,206,196) (253,206,124) (161,190,135) (110,137,99) (152,238,126) (0,216,200) (254,140,126) (102,238,206) (56,34,254) 